234 885
266 1657
264 65
226 173
225 1864
224 2349
260 48
274 1469
293 729
347 137
196 1450
133 2804
205 2435
267 686
236 1697
209 192
172 313
277 870
280 2793
286 75
152 30
364 41
134 2153
263 27
238 1427
232 1741
342 1750
302 49
303 2488
354 28
233 1912
271 1538
246 98
243 142
310 1497
275 1455
312 958
237 1038
262 115
292 1186
144 1901
214 1864
269 38
344 1750
235 836
272 1602
164 192
128 898
141 1919
348 618
200 3
194 155
345 3770
244 33
294 3
231 56
313 1891
151 203
239 422
186 186
150 197
341 1709
245 1082
125 1760
363 158
333 74
130 109
356 16
413 80
132 78
340 760
357 6
307 118
350 163
367 2
258 472
171 166
346 8
124 598
387 87
193 157
393 777
290 286
384 1432
417 95
163 1511
349 7
270 93
158 87
385 46
143 1924
382 111
383 25
115 2237
273 27
253 203
114 2559
389 52
176 1727
388 46
147 37
285 23
390 32
336 2041
276 2344
136 46
175 1658
223 95
217 320
375 33
288 347
279 758
140 904
343 648
227 50
391 88
397 2432
198 242
328 270
360 62
305 104
291 259
228 229
315 52
135 328
210 436
314 332
240 533
281 38
201 75
351 1912
117 39
192 419
153 707
215 72
353 80
118 551
177 912
213 1768
372 174
156 3
116 17
338 1839
162 60
392 122
283 78
261 112
326 14
402 25
241 38
399 74
248 17
282 32
369 23
191 18
418 36
308 15
122 13
352 4
161 19
268 15
358 1
170 17
396 54
316 39
159 3
295 22
395 2
184 1
119 7
127 2
404 1
168 10
211 1
