264 360940
236 4373
234 188146
266 51398
245 1423
205 5099
237 1397
293 31883
133 495496
233 5788
354 50251
271 7127
196 21227
226 243
272 3493
224 7269
347 92679
263 17075
246 134
274 5878
280 4894
172 416
267 8261
364 65
232 6823
134 2760
192 576
348 12714
303 23655
164 256
277 17374
292 4108
312 12503
128 17117
275 9822
345 14669
235 1086
340 972
375 51
225 3184
243 205
239 583
194 213
392 169
279 1023
176 4104
343 840
238 7140
118 765
175 2186
285 32
198 322
328 355
231 101
260 60
227 68
269 365
177 1216
209 247
114 4974
346 14
124 775
144 4624
193 212
310 2019
143 3565
141 6624
132 106
273 37
389 179
363 217
386 5
393 1022
276 3494
313 4036
214 2396
171 223
270 126
200 4
286 97
288 448
351 2451
152 40
372 235
115 5467
384 2839
382 543
314 432
342 4685
315 66
262 152
302 72
163 2027
336 3237
125 3847
210 564
213 2276
240 695
344 2283
228 309
258 628
151 259
397 3527
244 44
294 20
341 2236
186 249
316 80
326 20
150 276
136 60
282 44
338 2371
413 107
217 414
356 126
333 94
290 383
140 1174
357 29
350 218
359 4
305 141
130 139
387 126
367 6
307 212
116 23
291 340
119 19
135 422
223 131
215 95
417 136
349 9
155 2
153 918
241 54
261 146
117 54
390 79
402 34
281 50
383 127
253 263
399 107
385 337
170 24
388 62
283 103
147 48
391 121
369 31
162 87
158 121
396 90
360 81
353 108
161 26
201 98
168 30
122 20
418 47
308 23
352 7
185 1
248 24
191 25
295 35
268 21
212 3
127 3
156 3
211 2
404 4
361 2
184 2
358 1
159 3
395 3
220 1
